%YAML:1.0
---
imgWidth: 240
imgHeight: 180
intrinsic: !!opencv-matrix
   rows: 3
   cols: 3
   dt: d
   data: [ 8.2526849530982531e+02, 0., 6.3799953085637117e+02, 0.,
       8.2482845765950583e+02, 3.4317653548622377e+02, 0., 0., 1. ]
distCoeffs: !!opencv-matrix
   rows: 5
   cols: 1
   dt: d
   data: [ -6.8755697500493845e-02, 1.0358499435300282e-01,
       1.2342549156748946e-03, -7.9280928183439090e-04,
       -5.5939916237379567e-02 ]
reprojError: 4.7965500776511871e-01
