%YAML:1.0
---
imgWidth: 240
imgHeight: 180
intrinsic: !!opencv-matrix
   rows: 3
   cols: 3
   dt: d
   data: [ 2.0047163956288571e+02, 0., 1.2050149443952120e+02, 0.,
       2.0046699578365013e+02, 8.7194317971344319e+01, 0., 0., 1. ]
distCoeffs: !!opencv-matrix
   rows: 5
   cols: 1
   dt: d
   data: [ 1.6278884994809596e-02, -9.8253160153744343e-02,
       7.5043820960961891e-04, -1.3523384114748127e-05,
       -1.2584616760227543e-01 ]
reprojError: 2.2341219556712288e-01
